450
121
446
97
172
331
394
292
242
279
30
359
406
38
20
458
259
301
173
32
150
341
90
299
168
323
438
407
302
89
144
117
188
317
110
125
239
421
473
400
163
304
33
4
263
417
334
119
269
388
226
158
234
53
486
374
146
1
356
94
164
318
134
267
66
14
138
133
67
308
113
462
423
367
9
397
99
52
103
333
294
174
216
358
28
319
459
355
398
131
289
184
147
222
43
471
182
363
371
465
214
75
278
336
209
483
233
58
440
215
376
217
111
212
252
169
485
247
145
290
148
433
161
467
72
76
379
70
439
60
497
68
227
127
392
264
230
240
105
132
382
422
469
343
49
31
5
424
84
472
435
380
329
180
235
210
349
194
219
101
396
36
236
408
455
416
276
265
98
155
338
56
463
386
443
74
492
203
141
79
170
257
185
364
157
335
370
200
87
40
377
448
160
320
26
256
324
126
143
162
411
228
494
326
149
347
15
344
399
420
237
452
395
477
372
221
129
330
315
218
192
39
225
425
118
45
193
488
109
178
314
427
489
248
365
453
451
96
211
402
298
457
78
461
282
373
12
191
245
253
154
337
44
293
153
271
54
281
297
61
238
195
196
142
429
310
251
303
325
426
102
91
409
415
202
115
352
500
476
250
6
179
65
345
82
137
206
360
88
95
167
474
288
246
136
499
378
387
81
57
208
375
393
229
401
104
447
231
487
464
284
418
498
77
381
285
140
207
254
186
328
3
481
431
405
199
478
369
46
479
177
312
175
270
106
410
51
27
19
327
309
490
493
351
354
441
362
436
445
434
23
480
255
50
266
300
475
183
107
35
437
403
353
277
62
404
350
29
484
47
232
296
273
413
268
460
307
385
244
176
342
466
25
280
181
108
59
86
48
85
24
470
41
454
491
122
190
419
272
92
187
159
444
456
17
100
198
42
262
128
13
313
241
322
287
201
71
123
306
197
391
305
412
171
34
383
316
114
80
321
496
69
495
213
442
21
139
368
286
124
135
428
205
390
361
260
291
63
275
156
151
274
283
223
389
130
261
112
2
16
449
83
468
340
220
243
73
189
22
93
204
165
346
430
152
482
37
339
166
11
7
432
64
18
55
120
249
8
414
10
311
295
224
366
384
348
332
258
116
357
